 4.6874999999999998e-09  4.6874999999999998e-09  4.6874999999999998e-09 -210263.92187500000 -961610.62500000000  789077.62500000000
 1.7187500000000001e-08  4.6874999999999998e-09  4.6874999999999998e-09 -220238.90625000000 -921605.68750000000  832878.87500000000
 2.9687500000000000e-08  4.6874999999999998e-09  4.6874999999999998e-09 -231299.73437500000 -856069.87500000000  897326.12500000000
 4.2187500000000000e-08  4.6874999999999998e-09  4.6874999999999998e-09 -240920.92187500000 -778727.87500000000  962854.81250000000
 5.4687499999999999e-08  4.6874999999999998e-09  4.6874999999999998e-09 -245531.64062500000 -696713.56250000000  1022669.9375000000
 6.7187499999999992e-08  4.6874999999999998e-09  4.6874999999999998e-09 -245059.04687500000 -612820.93750000000  1075149.2500000000
 7.9687499999999991e-08  4.6874999999999998e-09  4.6874999999999998e-09 -243538.68750000000 -532259.56250000000  1117559.0000000000
 9.2187499999999991e-08  4.6874999999999998e-09  4.6874999999999998e-09 -244415.01562500000 -471717.59375000000  1144243.5000000000
 4.6874999999999998e-09  1.7187500000000001e-08  4.6874999999999998e-09 -187640.45312500000 -1088410.1250000000  609675.18750000000
 1.7187500000000001e-08  1.7187500000000001e-08  4.6874999999999998e-09 -218190.90625000000 -1059923.8750000000  648462.43750000000
 2.9687500000000000e-08  1.7187500000000001e-08  4.6874999999999998e-09 -247281.43750000000 -1011238.7500000000  712599.12500000000
 4.2187500000000000e-08  1.7187500000000001e-08  4.6874999999999998e-09 -268860.31250000000 -953750.81250000000  780783.50000000000
 5.4687499999999999e-08  1.7187500000000001e-08  4.6874999999999998e-09 -279983.65625000000 -891988.25000000000  847062.87500000000
 6.7187499999999992e-08  1.7187500000000001e-08  4.6874999999999998e-09 -281353.71875000000 -825649.43750000000  911423.31250000000
 7.9687499999999991e-08  1.7187500000000001e-08  4.6874999999999998e-09 -278624.71875000000 -755208.37500000000  971379.43750000000
 9.2187499999999991e-08  1.7187500000000001e-08  4.6874999999999998e-09 -280032.50000000000 -691586.31250000000  1017270.6250000000
 4.6874999999999998e-09  2.9687500000000000e-08  4.6874999999999998e-09 -215178.60937500000 -1200136.6250000000  323912.93750000000
 1.7187500000000001e-08  2.9687500000000000e-08  4.6874999999999998e-09 -249961.18750000000 -1180715.0000000000  367397.37500000000
 2.9687500000000000e-08  2.9687500000000000e-08  4.6874999999999998e-09 -288819.09375000000 -1149541.8750000000  432072.12500000000
 4.2187500000000000e-08  2.9687500000000000e-08  4.6874999999999998e-09 -317683.21875000000 -1114384.1250000000  498773.28125000000
 5.4687499999999999e-08  2.9687500000000000e-08  4.6874999999999998e-09 -331144.87500000000 -1078133.8750000000  565260.75000000000
 6.7187499999999992e-08  2.9687500000000000e-08  4.6874999999999998e-09 -329732.18750000000 -1038623.6250000000  635678.50000000000
 7.9687499999999991e-08  2.9687500000000000e-08  4.6874999999999998e-09 -319992.96875000000 -991894.81250000000  710843.62500000000
 9.2187499999999991e-08  2.9687500000000000e-08  4.6874999999999998e-09 -313171.81250000000 -941739.62500000000  778844.87500000000
 4.6874999999999998e-09  4.2187500000000000e-08  4.6874999999999998e-09 -269674.62500000000 -1232236.5000000000 -20451.791015625000
 1.7187500000000001e-08  4.2187500000000000e-08  4.6874999999999998e-09 -298579.18750000000 -1225179.6250000000  36536.125000000000
 2.9687500000000000e-08  4.2187500000000000e-08  4.6874999999999998e-09 -334069.65625000000 -1211806.6250000000  107105.89843750000
 4.2187500000000000e-08  4.2187500000000000e-08  4.6874999999999998e-09 -359543.31250000000 -1196769.1250000000  173267.87500000000
 5.4687499999999999e-08  4.2187500000000000e-08  4.6874999999999998e-09 -367659.06250000000 -1183381.6250000000  236609.98437500000
 6.7187499999999992e-08  4.2187500000000000e-08  4.6874999999999998e-09 -358149.84375000000 -1170572.6250000000  305021.31250000000
 7.9687499999999991e-08  4.2187500000000000e-08  4.6874999999999998e-09 -337384.00000000000 -1153760.2500000000  382830.00000000000
 9.2187499999999991e-08  4.2187500000000000e-08  4.6874999999999998e-09 -318766.96875000000 -1131240.8750000000  458509.75000000000
 4.6874999999999998e-09  5.4687499999999999e-08  4.6874999999999998e-09 -311140.12500000000 -1160710.1250000000 -384048.53125000000
 1.7187500000000001e-08  5.4687499999999999e-08  4.6874999999999998e-09 -329662.09375000000 -1176104.1250000000 -315676.09375000000
 2.9687500000000000e-08  5.4687499999999999e-08  4.6874999999999998e-09 -354439.18750000000 -1187262.3750000000 -237340.07812500000
 4.2187500000000000e-08  5.4687499999999999e-08  4.6874999999999998e-09 -370259.50000000000 -1194295.7500000000 -167674.81250000000
 5.4687499999999999e-08  5.4687499999999999e-08  4.6874999999999998e-09 -369024.46875000000 -1201855.7500000000 -104465.39062500000
 6.7187499999999992e-08  5.4687499999999999e-08  4.6874999999999998e-09 -349601.65625000000 -1211520.5000000000 -39320.703125000000
 7.9687499999999991e-08  5.4687499999999999e-08  4.6874999999999998e-09 -317650.90625000000 -1220489.0000000000  32463.720703125000
 9.2187499999999991e-08  5.4687499999999999e-08  4.6874999999999998e-09 -287413.21875000000 -1224334.1250000000  99744.375000000000
 4.6874999999999998e-09  6.7187499999999992e-08  4.6874999999999998e-09 -316829.40625000000 -987922.06250000000 -717759.37500000000
 1.7187500000000001e-08  6.7187499999999992e-08  4.6874999999999998e-09 -324310.53125000000 -1029749.5625000000 -652677.56250000000
 2.9687500000000000e-08  6.7187499999999992e-08  4.6874999999999998e-09 -337102.53125000000 -1071105.3750000000 -575017.06250000000
 4.2187500000000000e-08  6.7187499999999992e-08  4.6874999999999998e-09 -343301.09375000000 -1104966.1250000000 -502736.12500000000
 5.4687499999999999e-08  6.7187499999999992e-08  4.6874999999999998e-09 -334733.12500000000 -1135383.1250000000 -436357.87500000000
 6.7187499999999992e-08  6.7187499999999992e-08  4.6874999999999998e-09 -309528.68750000000 -1165505.6250000000 -370591.53125000000
 7.9687499999999991e-08  6.7187499999999992e-08  4.6874999999999998e-09 -272003.34375000000 -1193804.7500000000 -303963.75000000000
 9.2187499999999991e-08  6.7187499999999992e-08  4.6874999999999998e-09 -234483.89062500000 -1214168.7500000000 -249721.75000000000
 4.6874999999999998e-09  7.9687499999999991e-08  4.6874999999999998e-09 -290542.25000000000 -744948.81250000000 -975800.12500000000
 1.7187500000000001e-08  7.9687499999999991e-08  4.6874999999999998e-09 -289121.09375000000 -801823.18750000000 -930074.18750000000
 2.9687500000000000e-08  7.9687499999999991e-08  4.6874999999999998e-09 -292881.68750000000 -868190.37500000000 -867188.12500000000
 4.2187500000000000e-08  7.9687499999999991e-08  4.6874999999999998e-09 -293713.96875000000 -929775.25000000000 -800499.56250000000
 5.4687499999999999e-08  7.9687499999999991e-08  4.6874999999999998e-09 -284377.65625000000 -986130.81250000000 -733638.06250000000
 6.7187499999999992e-08  7.9687499999999991e-08  4.6874999999999998e-09 -262838.40625000000 -1038890.3125000000 -665711.87500000000
 7.9687499999999991e-08  7.9687499999999991e-08  4.6874999999999998e-09 -231623.29687500000 -1085593.1250000000 -599489.56250000000
 9.2187499999999991e-08  7.9687499999999991e-08  4.6874999999999998e-09 -197067.64062500000 -1117416.5000000000 -551447.37500000000
 4.6874999999999998e-09  9.2187499999999991e-08  4.6874999999999998e-09 -252112.65625000000 -505418.00000000000 -1128069.7500000000
 1.7187500000000001e-08  9.2187499999999991e-08  4.6874999999999998e-09 -249722.37500000000 -558370.68750000000 -1103363.2500000000
 2.9687500000000000e-08  9.2187499999999991e-08  4.6874999999999998e-09 -250603.64062500000 -635378.68750000000 -1060679.6250000000
 4.2187500000000000e-08  9.2187499999999991e-08  4.6874999999999998e-09 -251360.54687500000 -716597.62500000000 -1007400.1875000000
 5.4687499999999999e-08  9.2187499999999991e-08  4.6874999999999998e-09 -246959.79687500000 -795687.18750000000 -947334.25000000000
 6.7187499999999992e-08  9.2187499999999991e-08  4.6874999999999998e-09 -236129.93750000000 -870718.31250000000 -881839.93750000000
 7.9687499999999991e-08  9.2187499999999991e-08  4.6874999999999998e-09 -221511.50000000000 -936651.50000000000 -815577.18750000000
 9.2187499999999991e-08  9.2187499999999991e-08  4.6874999999999998e-09 -205391.85937500000 -981996.18750000000 -764883.75000000000
 4.6874999999999998e-09  4.6874999999999998e-09  1.7187500000000001e-08 -230824.26562500000 -807080.25000000000  941748.93750000000
 1.7187500000000001e-08  4.6874999999999998e-09  1.7187500000000001e-08 -226010.62500000000 -757669.87500000000  983059.00000000000
 2.9687500000000000e-08  4.6874999999999998e-09  1.7187500000000001e-08 -229005.76562500000 -689057.43750000000  1031651.9375000000
 4.2187500000000000e-08  4.6874999999999998e-09  1.7187500000000001e-08 -232615.76562500000 -616480.37500000000  1075821.2500000000
 5.4687499999999999e-08  4.6874999999999998e-09  1.7187500000000001e-08 -230207.89062500000 -545009.93750000000  1114234.2500000000
 6.7187499999999992e-08  4.6874999999999998e-09  1.7187500000000001e-08 -219960.71875000000 -474372.34375000000  1148101.7500000000
 7.9687499999999991e-08  4.6874999999999998e-09  1.7187500000000001e-08 -203938.25000000000 -406573.12500000000  1176714.5000000000
 9.2187499999999991e-08  4.6874999999999998e-09  1.7187500000000001e-08 -184971.01562500000 -355301.84375000000  1196284.1250000000
 4.6874999999999998e-09  1.7187500000000001e-08  1.7187500000000001e-08 -237651.07812500000 -960973.62500000000  782049.31250000000
 1.7187500000000001e-08  1.7187500000000001e-08  1.7187500000000001e-08 -261660.10937500000 -919456.00000000000  823215.68750000000
 2.9687500000000000e-08  1.7187500000000001e-08  1.7187500000000001e-08 -288576.03125000000 -857427.75000000000  879255.93750000000
 4.2187500000000000e-08  1.7187500000000001e-08  1.7187500000000001e-08 -306020.56250000000 -792115.37500000000  932981.31250000000
 5.4687499999999999e-08  1.7187500000000001e-08  1.7187500000000001e-08 -308864.62500000000 -728182.56250000000  982803.25000000000
 6.7187499999999992e-08  1.7187500000000001e-08  1.7187500000000001e-08 -296480.62500000000 -663341.62500000000  1031322.6875000000
 7.9687499999999991e-08  1.7187500000000001e-08  1.7187500000000001e-08 -272263.28125000000 -596594.25000000000  1077727.8750000000
 9.2187499999999991e-08  1.7187500000000001e-08  1.7187500000000001e-08 -244684.64062500000 -540303.37500000000  1113441.1250000000
 4.6874999999999998e-09  2.9687500000000000e-08  1.7187500000000001e-08 -305994.65625000000 -1126182.7500000000  479196.18750000000
 1.7187500000000001e-08  2.9687500000000000e-08  1.7187500000000001e-08 -349285.25000000000 -1091513.2500000000  527397.56250000000
 2.9687500000000000e-08  2.9687500000000000e-08  1.7187500000000001e-08 -396589.78125000000 -1041799.5000000000  590694.37500000000
 4.2187500000000000e-08  2.9687500000000000e-08  1.7187500000000001e-08 -426675.75000000000 -992741.31250000000  651123.56250000000
 5.4687499999999999e-08  2.9687500000000000e-08  1.7187500000000001e-08 -433920.71875000000 -948205.18750000000  710048.68750000000
 6.7187499999999992e-08  2.9687500000000000e-08  1.7187500000000001e-08 -418010.81250000000 -904215.56250000000  774087.00000000000
 7.9687499999999991e-08  2.9687500000000000e-08  1.7187500000000001e-08 -382504.90625000000 -855385.18750000000  844722.25000000000
 9.2187499999999991e-08  2.9687500000000000e-08  1.7187500000000001e-08 -340298.84375000000 -807558.81250000000  907521.31250000000
 4.6874999999999998e-09  4.2187500000000000e-08  1.7187500000000001e-08 -393851.90625000000 -1197662.1250000000  45116.242187500000
 1.7187500000000001e-08  4.2187500000000000e-08  1.7187500000000001e-08 -445160.93750000000 -1175439.1250000000  108277.71093750000
 2.9687500000000000e-08  4.2187500000000000e-08  1.7187500000000001e-08 -498113.68750000000 -1144543.1250000000  182902.04687500000
 4.2187500000000000e-08  4.2187500000000000e-08  1.7187500000000001e-08 -530039.62500000000 -1117459.1250000000  248782.01562500000
 5.4687499999999999e-08  4.2187500000000000e-08  1.7187500000000001e-08 -536164.93750000000 -1098878.8750000000  310711.81250000000
 6.7187499999999992e-08  4.2187500000000000e-08  1.7187500000000001e-08 -516171.68750000000 -1086618.8750000000  379967.87500000000
 7.9687499999999991e-08  4.2187500000000000e-08  1.7187500000000001e-08 -472649.40625000000 -1074257.2500000000  462734.68750000000
 9.2187499999999991e-08  4.2187500000000000e-08  1.7187500000000001e-08 -419956.75000000000 -1058125.6250000000  543650.56250000000
 4.6874999999999998e-09  5.4687499999999999e-08  1.7187500000000001e-08 -419051.75000000000 -1103925.0000000000 -444178.59375000000
 1.7187500000000001e-08  5.4687499999999999e-08  1.7187500000000001e-08 -469417.78125000000 -1110775.7500000000 -370639.56250000000
 2.9687500000000000e-08  5.4687499999999999e-08  1.7187500000000001e-08 -518920.34375000000 -1113871.7500000000 -285588.68750000000
 4.2187500000000000e-08  5.4687499999999999e-08  1.7187500000000001e-08 -546464.00000000000 -1116829.2500000000 -213585.68750000000
 5.4687499999999999e-08  5.4687499999999999e-08  1.7187500000000001e-08 -547967.75000000000 -1126287.7500000000 -150853.20312500000
 6.7187499999999992e-08  5.4687499999999999e-08  1.7187500000000001e-08 -523250.12500000000 -1144742.6250000000 -85575.375000000000
 7.9687499999999991e-08  5.4687499999999999e-08  1.7187500000000001e-08 -475054.62500000000 -1168665.5000000000 -9667.9755859375000
 9.2187499999999991e-08  5.4687499999999999e-08  1.7187500000000001e-08 -418978.90625000000 -1188195.6250000000  64787.015625000000
 4.6874999999999998e-09  6.7187499999999992e-08  1.7187500000000001e-08 -355907.12500000000 -868501.62500000000 -842961.75000000000
 1.7187500000000001e-08  6.7187499999999992e-08  1.7187500000000001e-08 -398286.62500000000 -906583.56250000000 -781679.87500000000
 2.9687500000000000e-08  6.7187499999999992e-08  1.7187500000000001e-08 -440076.00000000000 -948931.43750000000 -705274.18750000000
 4.2187500000000000e-08  6.7187499999999992e-08  1.7187500000000001e-08 -462739.53125000000 -986167.75000000000 -636313.37500000000
 5.4687499999999999e-08  6.7187499999999992e-08  1.7187500000000001e-08 -461398.34375000000 -1023568.0000000000 -575299.56250000000
 6.7187499999999992e-08  6.7187499999999992e-08  1.7187500000000001e-08 -435624.37500000000 -1066243.2500000000 -514690.43750000000
 7.9687499999999991e-08  6.7187499999999992e-08  1.7187500000000001e-08 -389056.25000000000 -1112710.0000000000 -449512.15625000000
 9.2187499999999991e-08  6.7187499999999992e-08  1.7187500000000001e-08 -337989.96875000000 -1150802.5000000000 -391108.43750000000
 4.6874999999999998e-09  7.9687499999999991e-08  1.7187500000000001e-08 -260925.29687500000 -594586.31250000000 -1081635.1250000000
 1.7187500000000001e-08  7.9687499999999991e-08  1.7187500000000001e-08 -289838.15625000000 -643816.93750000000 -1045486.9375000000
 2.9687500000000000e-08  7.9687499999999991e-08  1.7187500000000001e-08 -319178.81250000000 -708058.25000000000 -994146.81250000000
 4.2187500000000000e-08  7.9687499999999991e-08  1.7187500000000001e-08 -336355.18750000000 -770027.62500000000 -940995.25000000000
 5.4687499999999999e-08  7.9687499999999991e-08  1.7187500000000001e-08 -336531.96875000000 -829957.25000000000 -888519.31250000000
 6.7187499999999992e-08  7.9687499999999991e-08  1.7187500000000001e-08 -319175.59375000000 -891411.25000000000 -833704.00000000000
 7.9687499999999991e-08  7.9687499999999991e-08  1.7187500000000001e-08 -288086.15625000000 -952377.06250000000 -775586.06250000000
 9.2187499999999991e-08  7.9687499999999991e-08  1.7187500000000001e-08 -255007.06250000000 -999263.68750000000 -726631.18750000000
 4.6874999999999998e-09  9.2187499999999991e-08  1.7187500000000001e-08 -190203.10937500000 -380314.62500000000 -1187742.8750000000
 1.7187500000000001e-08  9.2187499999999991e-08  1.7187500000000001e-08 -209702.62500000000 -424343.03125000000 -1169404.6250000000
 2.9687500000000000e-08  9.2187499999999991e-08  1.7187500000000001e-08 -228223.84375000000 -490688.25000000000 -1139600.1250000000
 4.2187500000000000e-08  9.2187499999999991e-08  1.7187500000000001e-08 -240823.67187500000 -560902.56250000000 -1104056.8750000000
 5.4687499999999999e-08  9.2187499999999991e-08  1.7187500000000001e-08 -244586.15625000000 -631365.93750000000 -1064473.6250000000
 6.7187499999999992e-08  9.2187499999999991e-08  1.7187500000000001e-08 -239924.95312500000 -703007.25000000000 -1019689.3125000000
 7.9687499999999991e-08  9.2187499999999991e-08  1.7187500000000001e-08 -231831.10937500000 -772835.68750000000 -969808.62500000000
 9.2187499999999991e-08  9.2187499999999991e-08  1.7187500000000001e-08 -227768.31250000000 -828112.31250000000 -924067.62500000000
 4.6874999999999998e-09  4.6874999999999998e-09  2.9687500000000000e-08 -234827.92187500000 -584769.81250000000  1092908.7500000000
 1.7187500000000001e-08  4.6874999999999998e-09  2.9687500000000000e-08 -228688.20312500000 -527988.43750000000  1122710.7500000000
 2.9687500000000000e-08  4.6874999999999998e-09  2.9687500000000000e-08 -230373.87500000000 -459337.12500000000  1152166.1250000000
 4.2187500000000000e-08  4.6874999999999998e-09  2.9687500000000000e-08 -232366.89062500000 -395118.31250000000  1175345.2500000000
 5.4687499999999999e-08  4.6874999999999998e-09  2.9687500000000000e-08 -226614.48437500000 -336474.18750000000  1194562.8750000000
 6.7187499999999992e-08  4.6874999999999998e-09  2.9687500000000000e-08 -210549.84375000000 -279084.00000000000  1212159.3750000000
 7.9687499999999991e-08  4.6874999999999998e-09  2.9687500000000000e-08 -187010.35937500000 -221254.53125000000  1227853.0000000000
 9.2187499999999991e-08  4.6874999999999998e-09  2.9687500000000000e-08 -163964.14062500000 -173387.60937500000  1238790.5000000000
 4.6874999999999998e-09  1.7187500000000001e-08  2.9687500000000000e-08 -292496.03125000000 -729420.68750000000  986884.50000000000
 1.7187500000000001e-08  1.7187500000000001e-08  2.9687500000000000e-08 -317451.03125000000 -671632.68750000000  1019648.8750000000
 2.9687500000000000e-08  1.7187500000000001e-08  2.9687500000000000e-08 -344760.90625000000 -598367.43750000000  1055767.8750000000
 4.2187500000000000e-08  1.7187500000000001e-08  2.9687500000000000e-08 -359711.31250000000 -531951.37500000000  1085902.8750000000
 5.4687499999999999e-08  1.7187500000000001e-08  2.9687500000000000e-08 -356500.40625000000 -473710.03125000000  1113577.8750000000
 6.7187499999999992e-08  1.7187500000000001e-08  2.9687500000000000e-08 -333943.68750000000 -416963.28125000000  1142879.1250000000
 7.9687499999999991e-08  1.7187500000000001e-08  2.9687500000000000e-08 -295269.53125000000 -356899.93750000000  1173451.2500000000
 9.2187499999999991e-08  1.7187500000000001e-08  2.9687500000000000e-08 -254057.26562500000 -303017.12500000000  1197992.0000000000
 4.6874999999999998e-09  2.9687500000000000e-08  2.9687500000000000e-08 -463928.96875000000 -924260.87500000000  722538.06250000000
 1.7187500000000001e-08  2.9687500000000000e-08  2.9687500000000000e-08 -518529.12500000000 -861738.50000000000  761632.31250000000
 2.9687500000000000e-08  2.9687500000000000e-08  2.9687500000000000e-08 -571108.68750000000 -787292.68750000000  803464.06250000000
 4.2187500000000000e-08  2.9687500000000000e-08  2.9687500000000000e-08 -598813.43750000000 -725912.00000000000  840252.12500000000
 5.4687499999999999e-08  2.9687500000000000e-08  2.9687500000000000e-08 -598682.87500000000 -678631.81250000000  878969.31250000000
 6.7187499999999992e-08  2.9687500000000000e-08  2.9687500000000000e-08 -570430.12500000000 -637133.18750000000  927480.56250000000
 7.9687499999999991e-08  2.9687500000000000e-08  2.9687500000000000e-08 -515255.50000000000 -592370.25000000000  987501.18750000000
 9.2187499999999991e-08  2.9687500000000000e-08  2.9687500000000000e-08 -449262.62500000000 -546099.68750000000  1044742.8750000000
 4.6874999999999998e-09  4.2187500000000000e-08  2.9687500000000000e-08 -679460.31250000000 -1044416.9375000000  197677.35937500000
 1.7187500000000001e-08  4.2187500000000000e-08  2.9687500000000000e-08 -745727.87500000000 -985083.43750000000  255048.96875000000
 2.9687500000000000e-08  4.2187500000000000e-08  2.9687500000000000e-08 -802912.37500000000 -921235.62500000000  313378.62500000000
 4.2187500000000000e-08  4.2187500000000000e-08  2.9687500000000000e-08 -831817.43750000000 -876873.12500000000  361555.93750000000
 5.4687499999999999e-08  4.2187500000000000e-08  2.9687500000000000e-08 -833603.56250000000 -854025.31250000000  409017.43750000000
 6.7187499999999992e-08  4.2187500000000000e-08  2.9687500000000000e-08 -808374.37500000000 -847675.62500000000  468536.40625000000
 7.9687499999999991e-08  4.2187500000000000e-08  2.9687500000000000e-08 -753897.68750000000 -849952.56250000000  548423.56250000000
 9.2187499999999991e-08  4.2187500000000000e-08  2.9687500000000000e-08 -680846.43750000000 -850929.75000000000  635543.93750000000
 4.6874999999999998e-09  5.4687499999999999e-08  2.9687500000000000e-08 -704667.75000000000 -919762.12500000000 -499029.40625000000
 1.7187500000000001e-08  5.4687499999999999e-08  2.9687500000000000e-08 -773678.87500000000 -904702.37500000000 -417712.87500000000
 2.9687500000000000e-08  5.4687499999999999e-08  2.9687500000000000e-08 -833033.62500000000 -886464.06250000000 -334343.87500000000
 4.2187500000000000e-08  5.4687499999999999e-08  2.9687500000000000e-08 -863762.75000000000 -878618.00000000000 -271097.34375000000
 5.4687499999999999e-08  5.4687499999999999e-08  2.9687500000000000e-08 -867870.68750000000 -888545.68750000000 -220989.64062500000
 6.7187499999999992e-08  5.4687499999999999e-08  2.9687500000000000e-08 -846123.25000000000 -920064.12500000000 -170607.45312500000
 7.9687499999999991e-08  5.4687499999999999e-08  2.9687500000000000e-08 -796289.62500000000 -972469.93750000000 -108510.04687500000
 9.2187499999999991e-08  5.4687499999999999e-08  2.9687500000000000e-08 -727274.37500000000 -1030088.7500000000 -39225.164062500000
 4.6874999999999998e-09  6.7187499999999992e-08  2.9687500000000000e-08 -496866.59375000000 -613667.43750000000 -983913.25000000000
 1.7187500000000001e-08  6.7187499999999992e-08  2.9687500000000000e-08 -562584.93750000000 -649853.37500000000 -923438.31250000000
 2.9687500000000000e-08  6.7187499999999992e-08  2.9687500000000000e-08 -625495.68750000000 -686995.00000000000 -853429.81250000000
 4.2187500000000000e-08  6.7187499999999992e-08  2.9687500000000000e-08 -661168.68750000000 -720871.00000000000 -796712.18750000000
 5.4687499999999999e-08  6.7187499999999992e-08  2.9687500000000000e-08 -667848.62500000000 -760301.62500000000 -753305.43750000000
 6.7187499999999992e-08  6.7187499999999992e-08  2.9687500000000000e-08 -646009.18750000000 -814362.62500000000 -714867.18750000000
 7.9687499999999991e-08  6.7187499999999992e-08  2.9687500000000000e-08 -596201.50000000000 -885395.68750000000 -672434.18750000000
 9.2187499999999991e-08  6.7187499999999992e-08  2.9687500000000000e-08 -532673.56250000000 -956128.31250000000 -627396.93750000000
 4.6874999999999998e-09  7.9687499999999991e-08  2.9687500000000000e-08 -285241.53125000000 -344866.12500000000 -1179514.3750000000
 1.7187500000000001e-08  7.9687499999999991e-08  2.9687500000000000e-08 -328505.93750000000 -393391.31250000000 -1152769.1250000000
 2.9687500000000000e-08  7.9687499999999991e-08  2.9687500000000000e-08 -375264.90625000000 -452820.96875000000 -1116099.8750000000
 4.2187500000000000e-08  7.9687499999999991e-08  2.9687500000000000e-08 -405051.62500000000 -508346.43750000000 -1081233.7500000000
 5.4687499999999999e-08  7.9687499999999991e-08  2.9687500000000000e-08 -412977.00000000000 -563821.87500000000 -1050287.7500000000
 6.7187499999999992e-08  7.9687499999999991e-08  2.9687500000000000e-08 -399161.25000000000 -627107.12500000000 -1019292.0625000000
 7.9687499999999991e-08  7.9687499999999991e-08  2.9687500000000000e-08 -367361.28125000000 -700082.43750000000 -983097.00000000000
 9.2187499999999991e-08  7.9687499999999991e-08  2.9687500000000000e-08 -330985.90625000000 -766530.62500000000 -945742.31250000000
 4.6874999999999998e-09  9.2187499999999991e-08  2.9687500000000000e-08 -172135.79687500000 -186560.51562500000 -1235764.5000000000
 1.7187500000000001e-08  9.2187499999999991e-08  2.9687500000000000e-08 -195541.01562500000 -229013.89062500000 -1225098.2500000000
 2.9687500000000000e-08  9.2187499999999991e-08  2.9687500000000000e-08 -222793.21875000000 -287160.15625000000 -1208077.6250000000
 4.2187500000000000e-08  9.2187499999999991e-08  2.9687500000000000e-08 -242707.14062500000 -345296.21875000000 -1188870.5000000000
 5.4687499999999999e-08  9.2187499999999991e-08  2.9687500000000000e-08 -251006.01562500000 -403512.21875000000 -1168641.6250000000
 6.7187499999999992e-08  9.2187499999999991e-08  2.9687500000000000e-08 -248651.35937500000 -466791.71875000000 -1145350.3750000000
 7.9687499999999991e-08  9.2187499999999991e-08  2.9687500000000000e-08 -241890.37500000000 -536316.12500000000 -1115976.5000000000
 9.2187499999999991e-08  9.2187499999999991e-08  2.9687500000000000e-08 -239579.92187500000 -599882.75000000000 -1083647.3750000000
 4.6874999999999998e-09  4.6874999999999998e-09  4.2187500000000000e-08 -217603.76562500000 -343264.53125000000  1194306.2500000000
 1.7187500000000001e-08  4.6874999999999998e-09  4.2187500000000000e-08 -218581.14062500000 -287728.37500000000  1208711.7500000000
 2.9687500000000000e-08  4.6874999999999998e-09  4.2187500000000000e-08 -227062.81250000000 -224172.14062500000  1220548.5000000000
 4.2187500000000000e-08  4.6874999999999998e-09  4.2187500000000000e-08 -233903.64062500000 -168436.87500000000  1228196.8750000000
 5.4687499999999999e-08  4.6874999999999998e-09  4.2187500000000000e-08 -231376.98437500000 -118763.14843750000  1234467.2500000000
 6.7187499999999992e-08  4.6874999999999998e-09  4.2187500000000000e-08 -217769.56250000000 -68124.476562500000  1240759.7500000000
 7.9687499999999991e-08  4.6874999999999998e-09  4.2187500000000000e-08 -197660.89062500000 -12337.506835937500  1245924.2500000000
 9.2187499999999991e-08  4.6874999999999998e-09  4.2187500000000000e-08 -181304.79687500000  39795.757812500000  1247835.8750000000
 4.6874999999999998e-09  1.7187500000000001e-08  4.2187500000000000e-08 -318366.00000000000 -422157.03125000000  1145415.2500000000
 1.7187500000000001e-08  1.7187500000000001e-08  4.2187500000000000e-08 -348037.56250000000 -358675.50000000000  1158348.5000000000
 2.9687500000000000e-08  1.7187500000000001e-08  4.2187500000000000e-08 -380076.43750000000 -286525.28125000000  1168329.8750000000
 4.2187500000000000e-08  1.7187500000000001e-08  4.2187500000000000e-08 -398038.62500000000 -227218.64062500000  1175366.5000000000
 5.4687499999999999e-08  1.7187500000000001e-08  4.2187500000000000e-08 -396640.31250000000 -177331.57812500000  1184389.8750000000
 6.7187499999999992e-08  1.7187500000000001e-08  4.2187500000000000e-08 -375071.96875000000 -126393.96093750000  1197871.0000000000
 7.9687499999999991e-08  1.7187500000000001e-08  4.2187500000000000e-08 -336683.81250000000 -66624.851562500000  1213982.8750000000
 9.2187499999999991e-08  1.7187500000000001e-08  4.2187500000000000e-08 -295734.81250000000 -6474.4848632812500  1226396.5000000000
 4.6874999999999998e-09  2.9687500000000000e-08  4.2187500000000000e-08 -603713.25000000000 -531537.81250000000  971878.18750000000
 1.7187500000000001e-08  2.9687500000000000e-08  4.2187500000000000e-08 -661133.37500000000 -454172.59375000000  973745.00000000000
 2.9687500000000000e-08  2.9687500000000000e-08  4.2187500000000000e-08 -711530.25000000000 -376090.90625000000  971509.06250000000
 4.2187500000000000e-08  2.9687500000000000e-08  4.2187500000000000e-08 -736330.68750000000 -319320.15625000000  973345.37500000000
 5.4687499999999999e-08  2.9687500000000000e-08  4.2187500000000000e-08 -735658.68750000000 -277495.25000000000  986586.06250000000
 6.7187499999999992e-08  2.9687500000000000e-08  4.2187500000000000e-08 -709586.56250000000 -237901.93750000000  1015597.8750000000
 7.9687499999999991e-08  2.9687500000000000e-08  4.2187500000000000e-08 -657237.81250000000 -188865.67187500000  1060149.8750000000
 9.2187499999999991e-08  2.9687500000000000e-08  4.2187500000000000e-08 -590673.93750000000 -131249.09375000000  1106990.2500000000
 4.6874999999999998e-09  4.2187500000000000e-08  4.2187500000000000e-08 -1026995.9375000000 -585163.43750000000  440922.40625000000
 1.7187500000000001e-08  4.2187500000000000e-08  4.2187500000000000e-08 -1065605.1250000000 -507047.46875000000  446024.68750000000
 2.9687500000000000e-08  4.2187500000000000e-08  4.2187500000000000e-08 -1093170.3750000000 -439802.21875000000  450668.50000000000
 4.2187500000000000e-08  4.2187500000000000e-08  4.2187500000000000e-08 -1105052.3750000000 -399119.68750000000  459469.40625000000
 5.4687499999999999e-08  4.2187500000000000e-08  4.2187500000000000e-08 -1104308.3750000000 -378354.06250000000  478435.56250000000
 6.7187499999999992e-08  4.2187500000000000e-08  4.2187500000000000e-08 -1091021.8750000000 -369487.18750000000  514490.03125000000
 7.9687499999999991e-08  4.2187500000000000e-08  4.2187500000000000e-08 -1062158.0000000000 -365312.00000000000  574384.00000000000
 9.2187499999999991e-08  4.2187500000000000e-08  4.2187500000000000e-08 -1018904.1875000000 -358776.78125000000  651661.68750000000
 4.6874999999999998e-09  5.4687499999999999e-08  4.2187500000000000e-08 -1091126.8750000000 -424036.40625000000 -470302.81250000000
 1.7187500000000001e-08  5.4687499999999999e-08  4.2187500000000000e-08 -1123261.7500000000 -410384.50000000000 -401767.28125000000
 2.9687500000000000e-08  5.4687499999999999e-08  4.2187500000000000e-08 -1147203.1250000000 -397347.21875000000 -342913.50000000000
 4.2187500000000000e-08  5.4687499999999999e-08  4.2187500000000000e-08 -1159037.2500000000 -393523.56250000000 -305485.34375000000
 5.4687499999999999e-08  5.4687499999999999e-08  4.2187500000000000e-08 -1161528.2500000000 -403122.75000000000 -282654.31250000000
 6.7187499999999992e-08  5.4687499999999999e-08  4.2187500000000000e-08 -1155307.5000000000 -430951.15625000000 -266636.65625000000
 7.9687499999999991e-08  5.4687499999999999e-08  4.2187500000000000e-08 -1138261.8750000000 -482695.00000000000 -250828.34375000000
 9.2187499999999991e-08  5.4687499999999999e-08  4.2187500000000000e-08 -1109779.2500000000 -553328.56250000000 -231876.98437500000
 4.6874999999999998e-09  6.7187499999999992e-08  4.2187500000000000e-08 -681093.93750000000 -168606.95312500000 -1048442.7500000000
 1.7187500000000001e-08  6.7187499999999992e-08  4.2187500000000000e-08 -745249.25000000000 -217887.75000000000 -994322.87500000000
 2.9687500000000000e-08  6.7187499999999992e-08  4.2187500000000000e-08 -801753.00000000000 -262336.09375000000 -938041.18750000000
 4.2187500000000000e-08  6.7187499999999992e-08  4.2187500000000000e-08 -832552.18750000000 -296962.71875000000 -900121.87500000000
 5.4687499999999999e-08  6.7187499999999992e-08  4.2187500000000000e-08 -839086.31250000000 -332548.59375000000 -881416.50000000000
 6.7187499999999992e-08  6.7187499999999992e-08  4.2187500000000000e-08 -822082.68750000000 -381750.65625000000 -877494.12500000000
 7.9687499999999991e-08  6.7187499999999992e-08  4.2187500000000000e-08 -779550.75000000000 -454058.43750000000 -881862.25000000000
 9.2187499999999991e-08  6.7187499999999992e-08  4.2187500000000000e-08 -719021.00000000000 -539470.87500000000 -885172.00000000000
 4.6874999999999998e-09  7.9687499999999991e-08  4.2187500000000000e-08 -342098.59375000000 -17661.917968750000 -1214168.8750000000
 1.7187500000000001e-08  7.9687499999999991e-08  4.2187500000000000e-08 -386531.81250000000 -74208.085937500000 -1198597.3750000000
 2.9687500000000000e-08  7.9687499999999991e-08  4.2187500000000000e-08 -433856.25000000000 -135971.26562500000 -1176788.0000000000
 4.2187500000000000e-08  7.9687499999999991e-08  4.2187500000000000e-08 -463104.31250000000 -187533.57812500000 -1158410.5000000000
 5.4687499999999999e-08  7.9687499999999991e-08  4.2187500000000000e-08 -469878.50000000000 -235539.25000000000 -1146858.7500000000
 6.7187499999999992e-08  7.9687499999999991e-08  4.2187500000000000e-08 -454210.40625000000 -291538.93750000000 -1140283.8750000000
 7.9687499999999991e-08  7.9687499999999991e-08  4.2187500000000000e-08 -418928.65625000000 -362598.75000000000 -1133388.8750000000
 9.2187499999999991e-08  7.9687499999999991e-08  4.2187500000000000e-08 -377429.62500000000 -435818.46875000000 -1122122.3750000000
 4.6874999999999998e-09  9.2187499999999991e-08  4.2187500000000000e-08 -193051.34375000000  42715.796875000000 -1245975.8750000000
 1.7187500000000001e-08  9.2187499999999991e-08  4.2187500000000000e-08 -210837.85937500000 -5477.1293945312500 -1243811.3750000000
 2.9687500000000000e-08  9.2187499999999991e-08  4.2187500000000000e-08 -234752.98437500000 -63439.257812500000 -1237907.8750000000
 4.2187500000000000e-08  9.2187499999999991e-08  4.2187500000000000e-08 -252503.12500000000 -115858.43750000000 -1230596.7500000000
 5.4687499999999999e-08  9.2187499999999991e-08  4.2187500000000000e-08 -258087.14062500000 -165393.64062500000 -1223758.7500000000
 6.7187499999999992e-08  9.2187499999999991e-08  4.2187500000000000e-08 -251605.92187500000 -219855.06250000000 -1216514.5000000000
 7.9687499999999991e-08  9.2187499999999991e-08  4.2187500000000000e-08 -238914.78125000000 -283687.46875000000 -1205815.3750000000
 9.2187499999999991e-08  9.2187499999999991e-08  4.2187500000000000e-08 -230017.54687500000 -346384.12500000000 -1191074.8750000000
 4.6874999999999998e-09  4.6874999999999998e-09  5.4687499999999999e-08 -186895.14062500000 -105757.44531250000  1243155.2500000000
 1.7187500000000001e-08  4.6874999999999998e-09  5.4687499999999999e-08 -198054.51562500000 -57103.816406250000  1244613.6250000000
 2.9687500000000000e-08  4.6874999999999998e-09  5.4687499999999999e-08 -216222.12500000000  384.75778198242188  1242898.7500000000
 4.2187500000000000e-08  4.6874999999999998e-09  5.4687499999999999e-08 -230534.00000000000  52083.839843750000  1239229.8750000000
 5.4687499999999999e-08  4.6874999999999998e-09  5.4687499999999999e-08 -234436.01562500000  100342.21875000000  1235524.3750000000
 6.7187499999999992e-08  4.6874999999999998e-09  5.4687499999999999e-08 -227709.92187500000  152525.04687500000  1231435.6250000000
 7.9687499999999991e-08  4.6874999999999998e-09  5.4687499999999999e-08 -216398.46875000000  212948.82812500000  1224489.2500000000
 9.2187499999999991e-08  4.6874999999999998e-09  5.4687499999999999e-08 -210653.17187500000  272276.06250000000  1213688.7500000000
 4.6874999999999998e-09  1.7187500000000001e-08  5.4687499999999999e-08 -299136.93750000000 -85829.617187500000  1222579.1250000000
 1.7187500000000001e-08  1.7187500000000001e-08  5.4687499999999999e-08 -334754.56250000000 -28841.457031250000  1216000.3750000000
 2.9687500000000000e-08  1.7187500000000001e-08  5.4687499999999999e-08 -374246.37500000000  34694.093750000000  1204278.0000000000
 4.2187500000000000e-08  1.7187500000000001e-08  5.4687499999999999e-08 -399065.21875000000  87733.257812500000  1193565.7500000000
 5.4687499999999999e-08  1.7187500000000001e-08  5.4687499999999999e-08 -404104.81250000000  135817.46875000000  1187351.0000000000
 6.7187499999999992e-08  1.7187500000000001e-08  5.4687499999999999e-08 -389211.93750000000  190018.87500000000  1184886.6250000000
 7.9687499999999991e-08  1.7187500000000001e-08  5.4687499999999999e-08 -358033.28125000000  257467.46875000000  1181978.0000000000
 9.2187499999999991e-08  1.7187500000000001e-08  5.4687499999999999e-08 -323520.46875000000  326515.12500000000  1174849.7500000000
 4.6874999999999998e-09  2.9687500000000000e-08  5.4687499999999999e-08 -603072.68750000000 -7649.8974609375000  1108058.7500000000
 1.7187500000000001e-08  2.9687500000000000e-08  5.4687499999999999e-08 -664330.43750000000  52803.121093750000  1071179.8750000000
 2.9687500000000000e-08  2.9687500000000000e-08  5.4687499999999999e-08 -719923.25000000000  109886.50781250000  1030138.3125000000
 4.2187500000000000e-08  2.9687500000000000e-08  5.4687499999999999e-08 -750363.25000000000  152981.25000000000  1002547.3125000000
 5.4687499999999999e-08  2.9687500000000000e-08  5.4687499999999999e-08 -755868.06250000000  192277.95312500000  991585.62500000000
 6.7187499999999992e-08  2.9687500000000000e-08  5.4687499999999999e-08 -736909.37500000000  241220.85937500000  995151.50000000000
 7.9687499999999991e-08  2.9687500000000000e-08  5.4687499999999999e-08 -692363.31250000000  310127.31250000000  1007970.0000000000
 9.2187499999999991e-08  2.9687500000000000e-08  5.4687499999999999e-08 -632046.81250000000  390390.43750000000  1019637.9375000000
 4.6874999999999998e-09  4.2187500000000000e-08  5.4687499999999999e-08 -1069574.6250000000  176783.23437500000  645218.68750000000
 1.7187500000000001e-08  4.2187500000000000e-08  5.4687499999999999e-08 -1102842.5000000000  197340.29687500000  579952.25000000000
 2.9687500000000000e-08  4.2187500000000000e-08  5.4687499999999999e-08 -1127765.1250000000  212527.85937500000  523953.40625000000
 4.2187500000000000e-08  4.2187500000000000e-08  5.4687499999999999e-08 -1140181.6250000000  225074.07812500000  490792.09375000000
 5.4687499999999999e-08  4.2187500000000000e-08  5.4687499999999999e-08 -1142804.7500000000  242305.87500000000  476271.65625000000
 6.7187499999999992e-08  4.2187500000000000e-08  5.4687499999999999e-08 -1136251.0000000000  272281.78125000000  475758.15625000000
 7.9687499999999991e-08  4.2187500000000000e-08  5.4687499999999999e-08 -1118406.1250000000  323391.62500000000  485937.21875000000
 9.2187499999999991e-08  4.2187500000000000e-08  5.4687499999999999e-08 -1088781.2500000000  393542.09375000000  501228.00000000000
 4.6874999999999998e-09  5.4687499999999999e-08  5.4687499999999999e-08 -1167140.0000000000  383135.65625000000 -287299.09375000000
 1.7187500000000001e-08  5.4687499999999999e-08  5.4687499999999999e-08 -1184727.0000000000  325581.25000000000 -286301.09375000000
 2.9687500000000000e-08  5.4687499999999999e-08  5.4687499999999999e-08 -1196547.1250000000  279120.43750000000 -286210.25000000000
 4.2187500000000000e-08  5.4687499999999999e-08  5.4687499999999999e-08 -1201471.6250000000  252401.64062500000 -290359.53125000000
 5.4687499999999999e-08  5.4687499999999999e-08  5.4687499999999999e-08 -1201129.8750000000  239783.09375000000 -302225.75000000000
 6.7187499999999992e-08  5.4687499999999999e-08  5.4687499999999999e-08 -1195557.8750000000  235875.31250000000 -326425.62500000000
 7.9687499999999991e-08  5.4687499999999999e-08  5.4687499999999999e-08 -1183177.7500000000  236358.18750000000 -368476.25000000000
 9.2187499999999991e-08  5.4687499999999999e-08  5.4687499999999999e-08 -1163678.6250000000  236498.15625000000 -425993.03125000000
 4.6874999999999998e-09  6.7187499999999992e-08  5.4687499999999999e-08 -730335.25000000000  417548.68750000000 -940113.25000000000
 1.7187500000000001e-08  6.7187499999999992e-08  5.4687499999999999e-08 -788162.18750000000  339996.53125000000 -924528.06250000000
 2.9687500000000000e-08  6.7187499999999992e-08  5.4687499999999999e-08 -835953.75000000000  267253.43750000000 -906259.56250000000
 4.2187500000000000e-08  6.7187499999999992e-08  5.4687499999999999e-08 -859055.00000000000  216959.76562500000 -898054.81250000000
 5.4687499999999999e-08  6.7187499999999992e-08  5.4687499999999999e-08 -859410.50000000000  180486.42187500000 -905752.56250000000
 6.7187499999999992e-08  6.7187499999999992e-08  5.4687499999999999e-08 -837286.43750000000  144826.59375000000 -932483.87500000000
 7.9687499999999991e-08  6.7187499999999992e-08  5.4687499999999999e-08 -790412.75000000000  98043.500000000000 -978358.12500000000
 9.2187499999999991e-08  6.7187499999999992e-08  5.4687499999999999e-08 -726686.62500000000  39648.035156250000 -1030487.2500000000
 4.6874999999999998e-09  7.9687499999999991e-08  5.4687499999999999e-08 -372225.00000000000  356121.90625000000 -1151596.7500000000
 1.7187500000000001e-08  7.9687499999999991e-08  5.4687499999999999e-08 -411602.87500000000  290243.81250000000 -1156672.3750000000
 2.9687500000000000e-08  7.9687499999999991e-08  5.4687499999999999e-08 -452005.56250000000  218270.78125000000 -1157410.1250000000
 4.2187500000000000e-08  7.9687499999999991e-08  5.4687499999999999e-08 -474457.37500000000  161051.87500000000 -1157800.5000000000
 5.4687499999999999e-08  7.9687499999999991e-08  5.4687499999999999e-08 -474781.12500000000  113461.91406250000 -1163296.5000000000
 6.7187499999999992e-08  7.9687499999999991e-08  5.4687499999999999e-08 -452554.93750000000  63643.230468750000 -1175879.6250000000
 7.9687499999999991e-08  7.9687499999999991e-08  5.4687499999999999e-08 -410341.12500000000  2481.1496582031250 -1192964.1250000000
 9.2187499999999991e-08  7.9687499999999991e-08  5.4687499999999999e-08 -362705.65625000000 -62076.113281250000 -1206706.5000000000
 4.6874999999999998e-09  9.2187499999999991e-08  5.4687499999999999e-08 -223209.39062500000  293184.25000000000 -1206553.0000000000
 1.7187500000000001e-08  9.2187499999999991e-08  5.4687499999999999e-08 -232146.50000000000  237577.62500000000 -1217051.5000000000
 2.9687500000000000e-08  9.2187499999999991e-08  5.4687499999999999e-08 -247127.18750000000  173773.51562500000 -1224859.3750000000
 4.2187500000000000e-08  9.2187499999999991e-08  5.4687499999999999e-08 -257731.50000000000  118731.30468750000 -1229238.2500000000
 5.4687499999999999e-08  9.2187499999999991e-08  5.4687499999999999e-08 -256899.59375000000  69890.328125000000 -1233153.3750000000
 6.7187499999999992e-08  9.2187499999999991e-08  5.4687499999999999e-08 -243398.25000000000  19138.431640625000 -1237715.8750000000
 7.9687499999999991e-08  9.2187499999999991e-08  5.4687499999999999e-08 -221967.17187500000 -38659.738281250000 -1241283.7500000000
 9.2187499999999991e-08  9.2187499999999991e-08  5.4687499999999999e-08 -203470.89062500000 -94364.851562500000 -1241468.6250000000
 4.6874999999999998e-09  4.6874999999999998e-09  6.7187499999999992e-08 -162017.07812500000  114899.68750000000  1245832.2500000000
 1.7187500000000001e-08  4.6874999999999998e-09  6.7187499999999992e-08 -181613.70312500000  157041.29687500000  1238508.7500000000
 2.9687500000000000e-08  4.6874999999999998e-09  6.7187499999999992e-08 -205846.45312500000  213185.45312500000  1226266.1250000000
 4.2187500000000000e-08  4.6874999999999998e-09  6.7187499999999992e-08 -224373.12500000000  268587.93750000000  1212050.6250000000
 5.4687499999999999e-08  4.6874999999999998e-09  6.7187499999999992e-08 -232533.32812500000  323687.25000000000  1196956.2500000000
 6.7187499999999992e-08  4.6874999999999998e-09  6.7187499999999992e-08 -231336.79687500000  383760.31250000000  1179305.2500000000
 7.9687499999999991e-08  4.6874999999999998e-09  6.7187499999999992e-08 -227592.57812500000  450726.84375000000  1156112.6250000000
 9.2187499999999991e-08  4.6874999999999998e-09  6.7187499999999992e-08 -230667.56250000000  513739.21875000000  1128899.3750000000
 4.6874999999999998e-09  1.7187500000000001e-08  6.7187499999999992e-08 -256013.37500000000  224895.81250000000  1214672.1250000000
 1.7187500000000001e-08  1.7187500000000001e-08  6.7187499999999992e-08 -293987.37500000000  273590.84375000000  1195938.5000000000
 2.9687500000000000e-08  1.7187500000000001e-08  6.7187499999999992e-08 -336414.37500000000  333382.59375000000  1169286.5000000000
 4.2187500000000000e-08  1.7187500000000001e-08  6.7187499999999992e-08 -364397.71875000000  388910.93750000000  1143464.8750000000
 5.4687499999999999e-08  1.7187500000000001e-08  6.7187499999999992e-08 -372870.37500000000  443753.09375000000  1120535.7500000000
 6.7187499999999992e-08  1.7187500000000001e-08  6.7187499999999992e-08 -362079.12500000000  506128.46875000000  1097397.8750000000
 7.9687499999999991e-08  1.7187500000000001e-08  6.7187499999999992e-08 -336295.84375000000  579002.43750000000  1069210.3750000000
 9.2187499999999991e-08  1.7187500000000001e-08  6.7187499999999992e-08 -307617.56250000000  647140.87500000000  1038330.1875000000
 4.6874999999999998e-09  2.9687500000000000e-08  6.7187499999999992e-08 -473198.15625000000  448617.15625000000  1079988.7500000000
 1.7187500000000001e-08  2.9687500000000000e-08  6.7187499999999992e-08 -536767.62500000000  492741.21875000000  1029871.8750000000
 2.9687500000000000e-08  2.9687500000000000e-08  6.7187499999999992e-08 -598817.56250000000  538662.43750000000  970983.93750000000
 4.2187500000000000e-08  2.9687500000000000e-08  6.7187499999999992e-08 -634959.12500000000  579155.75000000000  923555.56250000000
 5.4687499999999999e-08  2.9687500000000000e-08  6.7187499999999992e-08 -643001.31250000000  622981.37500000000  888815.43750000000
 6.7187499999999992e-08  2.9687500000000000e-08  6.7187499999999992e-08 -623342.62500000000  680492.31250000000  860188.12500000000
 7.9687499999999991e-08  2.9687500000000000e-08  6.7187499999999992e-08 -576687.25000000000  755742.12500000000  829358.25000000000
 9.2187499999999991e-08  2.9687500000000000e-08  6.7187499999999992e-08 -516901.00000000000  831922.75000000000  795152.37500000000
 4.6874999999999998e-09  4.2187500000000000e-08  6.7187499999999992e-08 -752732.25000000000  761111.62500000000  667572.18750000000
 1.7187500000000001e-08  4.2187500000000000e-08  6.7187499999999992e-08 -820861.68750000000  758232.68750000000  585507.25000000000
 2.9687500000000000e-08  4.2187500000000000e-08  6.7187499999999992e-08 -878669.50000000000  752536.31250000000  503168.40625000000
 4.2187500000000000e-08  4.2187500000000000e-08  6.7187499999999992e-08 -908832.43750000000  754463.87500000000  443122.25000000000
 5.4687499999999999e-08  4.2187500000000000e-08  6.7187499999999992e-08 -914026.62500000000  772359.18750000000  399457.09375000000
 6.7187499999999992e-08  4.2187500000000000e-08  6.7187499999999992e-08 -895217.75000000000  812622.93750000000  360247.90625000000
 7.9687499999999991e-08  4.2187500000000000e-08  6.7187499999999992e-08 -849780.68750000000  877794.50000000000  314482.15625000000
 9.2187499999999991e-08  4.2187500000000000e-08  6.7187499999999992e-08 -784531.50000000000  952532.62500000000  262185.71875000000
 4.6874999999999998e-09  5.4687499999999999e-08  6.7187499999999992e-08 -813317.43750000000  962042.37500000000 -67369.468750000000
 1.7187500000000001e-08  5.4687499999999999e-08  6.7187499999999992e-08 -875844.62500000000  899172.12500000000 -126234.37500000000
 2.9687500000000000e-08  5.4687499999999999e-08  6.7187499999999992e-08 -926346.00000000000  836587.00000000000 -183179.46875000000
 4.2187500000000000e-08  5.4687499999999999e-08  6.7187499999999992e-08 -950789.75000000000  797159.12500000000 -228222.70312500000
 5.4687499999999999e-08  5.4687499999999999e-08  6.7187499999999992e-08 -952158.81250000000  781914.75000000000 -271205.43750000000
 6.7187499999999992e-08  5.4687499999999999e-08  6.7187499999999992e-08 -930758.31250000000  787111.00000000000 -325107.15625000000
 7.9687499999999991e-08  5.4687499999999999e-08  6.7187499999999992e-08 -883229.06250000000  807136.75000000000 -399982.56250000000
 9.2187499999999991e-08  5.4687499999999999e-08  6.7187499999999992e-08 -815922.43750000000  829991.12500000000 -486759.50000000000
 4.6874999999999998e-09  6.7187499999999992e-08  6.7187499999999992e-08 -574048.56250000000  888709.68750000000 -687177.37500000000
 1.7187500000000001e-08  6.7187499999999992e-08  6.7187499999999992e-08 -634850.12500000000  817556.75000000000 -721190.50000000000
 2.9687500000000000e-08  6.7187499999999992e-08  6.7187499999999992e-08 -689529.68750000000  739073.18750000000 -754896.75000000000
 4.2187500000000000e-08  6.7187499999999992e-08  6.7187499999999992e-08 -716873.37500000000  679358.68750000000 -784929.18750000000
 5.4687499999999999e-08  6.7187499999999992e-08  6.7187499999999992e-08 -716197.87500000000  637566.12500000000 -819828.87500000000
 6.7187499999999992e-08  6.7187499999999992e-08  6.7187499999999992e-08 -687411.31250000000  604285.00000000000 -868248.06250000000
 7.9687499999999991e-08  6.7187499999999992e-08  6.7187499999999992e-08 -629961.87500000000  569159.06250000000 -933142.75000000000
 9.2187499999999991e-08  6.7187499999999992e-08  6.7187499999999992e-08 -558008.81250000000  529950.93750000000 -999663.75000000000
 4.6874999999999998e-09  7.9687499999999991e-08  6.7187499999999992e-08 -340614.12500000000  703152.56250000000 -990508.87500000000
 1.7187500000000001e-08  7.9687499999999991e-08  6.7187499999999992e-08 -374865.90625000000  641010.93750000000 -1019867.6250000000
 2.9687500000000000e-08  7.9687499999999991e-08  6.7187499999999992e-08 -410407.84375000000  565467.87500000000 -1050409.8750000000
 4.2187500000000000e-08  7.9687499999999991e-08  6.7187499999999992e-08 -429281.84375000000  500300.28125000000 -1075623.6250000000
 5.4687499999999999e-08  7.9687499999999991e-08  6.7187499999999992e-08 -426440.40625000000  445501.93750000000 -1100557.1250000000
 6.7187499999999992e-08  7.9687499999999991e-08  6.7187499999999992e-08 -401052.50000000000  392584.25000000000 -1129860.1250000000
 7.9687499999999991e-08  7.9687499999999991e-08  6.7187499999999992e-08 -356093.46875000000  334621.28125000000 -1163088.7500000000
 9.2187499999999991e-08  7.9687499999999991e-08  6.7187499999999992e-08 -306941.81250000000  279220.43750000000 -1191374.0000000000
 4.6874999999999998e-09  9.2187499999999991e-08  6.7187499999999992e-08 -239297.03125000000  548661.68750000000 -1110520.8750000000
 1.7187500000000001e-08  9.2187499999999991e-08  6.7187499999999992e-08 -241104.51562500000  490806.62500000000 -1136893.5000000000
 2.9687500000000000e-08  9.2187499999999991e-08  6.7187499999999992e-08 -248487.42187500000  421416.93750000000 -1162846.1250000000
 4.2187500000000000e-08  9.2187499999999991e-08  6.7187499999999992e-08 -253338.43750000000  358501.31250000000 -1182728.1250000000
 5.4687499999999999e-08  9.2187499999999991e-08  6.7187499999999992e-08 -248161.62500000000  302229.46875000000 -1199425.8750000000
 6.7187499999999992e-08  9.2187499999999991e-08  6.7187499999999992e-08 -230754.51562500000  246855.18750000000 -1215468.7500000000
 7.9687499999999991e-08  9.2187499999999991e-08  6.7187499999999992e-08 -204418.92187500000  189312.93750000000 -1230415.7500000000
 9.2187499999999991e-08  9.2187499999999991e-08  6.7187499999999992e-08 -178965.18750000000  139590.15625000000 -1240981.6250000000
 4.6874999999999998e-09  4.6874999999999998e-09  7.9687499999999991e-08 -170544.82812500000  307279.84375000000  1211628.2500000000
 1.7187500000000001e-08  4.6874999999999998e-09  7.9687499999999991e-08 -191187.12500000000  348901.12500000000  1197190.3750000000
 2.9687500000000000e-08  4.6874999999999998e-09  7.9687499999999991e-08 -211292.56250000000  411708.15625000000  1173627.3750000000
 4.2187500000000000e-08  4.6874999999999998e-09  7.9687499999999991e-08 -225697.18750000000  478514.18750000000  1145266.1250000000
 5.4687499999999999e-08  4.6874999999999998e-09  7.9687499999999991e-08 -231695.59375000000  546244.62500000000  1113320.8750000000
 6.7187499999999992e-08  4.6874999999999998e-09  7.9687499999999991e-08 -230249.29687500000  616410.93750000000  1076370.0000000000
 7.9687499999999991e-08  4.6874999999999998e-09  7.9687499999999991e-08 -227396.98437500000  686863.87500000000  1033468.9375000000
 9.2187499999999991e-08  4.6874999999999998e-09  7.9687499999999991e-08 -231790.68750000000  745498.68750000000  990986.43750000000
 4.6874999999999998e-09  1.7187500000000001e-08  7.9687499999999991e-08 -236234.18750000000  479084.65625000000  1142900.1250000000
 1.7187500000000001e-08  1.7187500000000001e-08  7.9687499999999991e-08 -266309.65625000000  526622.68750000000  1115032.3750000000
 2.9687500000000000e-08  1.7187500000000001e-08  7.9687499999999991e-08 -297743.90625000000  591061.43750000000  1074031.8750000000
 4.2187500000000000e-08  1.7187500000000001e-08  7.9687499999999991e-08 -317425.09375000000  654847.56250000000  1030517.0625000000
 5.4687499999999999e-08  1.7187500000000001e-08  7.9687499999999991e-08 -320908.71875000000  717689.12500000000  986655.62500000000
 6.7187499999999992e-08  1.7187500000000001e-08  7.9687499999999991e-08 -308093.00000000000  783380.18750000000  939650.81250000000
 7.9687499999999991e-08  1.7187500000000001e-08  7.9687499999999991e-08 -283161.75000000000  850335.50000000000  887861.75000000000
 9.2187499999999991e-08  1.7187500000000001e-08  7.9687499999999991e-08 -256867.34375000000  904012.62500000000  841623.31250000000
 4.6874999999999998e-09  2.9687500000000000e-08  7.9687499999999991e-08 -350780.00000000000  746829.81250000000  954331.25000000000
 1.7187500000000001e-08  2.9687500000000000e-08  7.9687499999999991e-08 -397216.81250000000  789259.56250000000  900465.25000000000
 2.9687500000000000e-08  2.9687500000000000e-08  7.9687499999999991e-08 -443535.90625000000  838537.93750000000  831672.68750000000
 4.2187500000000000e-08  2.9687500000000000e-08  7.9687499999999991e-08 -469584.59375000000  883227.62500000000  768731.87500000000
 5.4687499999999999e-08  2.9687500000000000e-08  7.9687499999999991e-08 -470762.21875000000  928238.87500000000  712955.06250000000
 6.7187499999999992e-08  2.9687500000000000e-08  7.9687499999999991e-08 -446825.09375000000  979483.81250000000  657653.62500000000
 7.9687499999999991e-08  2.9687500000000000e-08  7.9687499999999991e-08 -401179.37500000000  1035988.1250000000  597773.43750000000
 9.2187499999999991e-08  2.9687500000000000e-08  7.9687499999999991e-08 -350112.46875000000  1083470.6250000000  543196.25000000000
 4.6874999999999998e-09  4.2187500000000000e-08  7.9687499999999991e-08 -458344.90625000000  1020688.8750000000  582806.62500000000
 1.7187500000000001e-08  4.2187500000000000e-08  7.9687499999999991e-08 -515354.15625000000  1033222.2500000000  508341.65625000000
 2.9687500000000000e-08  4.2187500000000000e-08  7.9687499999999991e-08 -569829.12500000000  1043206.6875000000  422568.31250000000
 4.2187500000000000e-08  4.2187500000000000e-08  7.9687499999999991e-08 -599409.75000000000  1053141.0000000000  350929.37500000000
 5.4687499999999999e-08  4.2187500000000000e-08  7.9687499999999991e-08 -601163.37500000000  1070493.8750000000  290163.31250000000
 6.7187499999999992e-08  4.2187500000000000e-08  7.9687499999999991e-08 -575189.75000000000  1099314.6250000000  228502.70312500000
 7.9687499999999991e-08  4.2187500000000000e-08  7.9687499999999991e-08 -523410.71875000000  1137055.7500000000  157146.20312500000
 9.2187499999999991e-08  4.2187500000000000e-08  7.9687499999999991e-08 -461593.18750000000  1170912.0000000000  86291.218750000000
 4.6874999999999998e-09  5.4687499999999999e-08  7.9687499999999991e-08 -467724.00000000000  1170132.7500000000  59775.921875000000
 1.7187500000000001e-08  5.4687499999999999e-08  7.9687499999999991e-08 -525978.93750000000  1146655.6250000000 -8746.0634765625000
 2.9687500000000000e-08  5.4687499999999999e-08  7.9687499999999991e-08 -582837.37500000000  1115530.5000000000 -86264.843750000000
 4.2187500000000000e-08  5.4687499999999999e-08  7.9687499999999991e-08 -615126.43750000000  1090883.1250000000 -152128.32812500000
 5.4687499999999999e-08  5.4687499999999999e-08  7.9687499999999991e-08 -619708.68750000000  1078120.1250000000 -212526.92187500000
 6.7187499999999992e-08  5.4687499999999999e-08  7.9687499999999991e-08 -596434.62500000000  1075778.2500000000 -280207.84375000000
 7.9687499999999991e-08  5.4687499999999999e-08  7.9687499999999991e-08 -546537.56250000000  1077526.0000000000 -363020.34375000000
 9.2187499999999991e-08  5.4687499999999999e-08  7.9687499999999991e-08 -484559.31250000000  1075852.8750000000 -446421.81250000000
 4.6874999999999998e-09  6.7187499999999992e-08  7.9687499999999991e-08 -370449.59375000000  1125240.6250000000 -433762.84375000000
 1.7187500000000001e-08  6.7187499999999992e-08  7.9687499999999991e-08 -420860.25000000000  1085789.1250000000 -485271.00000000000
 2.9687500000000000e-08  6.7187499999999992e-08  7.9687499999999991e-08 -473601.06250000000  1032777.3125000000 -548290.50000000000
 4.2187500000000000e-08  6.7187499999999992e-08  7.9687499999999991e-08 -505278.37500000000  984259.43750000000 -606198.50000000000
 5.4687499999999999e-08  6.7187499999999992e-08  7.9687499999999991e-08 -510911.21875000000  944010.68750000000 -662844.56250000000
 6.7187499999999992e-08  6.7187499999999992e-08  7.9687499999999991e-08 -490121.56250000000  907275.93750000000 -726760.37500000000
 7.9687499999999991e-08  6.7187499999999992e-08  7.9687499999999991e-08 -445478.03125000000  867167.50000000000 -800699.25000000000
 9.2187499999999991e-08  6.7187499999999992e-08  7.9687499999999991e-08 -391691.40625000000  826350.50000000000 -869063.93750000000
 4.6874999999999998e-09  7.9687499999999991e-08  7.9687499999999991e-08 -268526.03125000000  959201.18750000000 -774193.93750000000
 1.7187500000000001e-08  7.9687499999999991e-08  7.9687499999999991e-08 -298804.53125000000  914653.75000000000 -815888.31250000000
 2.9687500000000000e-08  7.9687499999999991e-08  7.9687499999999991e-08 -332222.96875000000  850953.00000000000 -870089.81250000000
 4.2187500000000000e-08  7.9687499999999991e-08  7.9687499999999991e-08 -352723.43750000000  786994.18750000000 -920747.37500000000
 5.4687499999999999e-08  7.9687499999999991e-08  7.9687499999999991e-08 -354822.81250000000  726852.62500000000 -968160.87500000000
 6.7187499999999992e-08  7.9687499999999991e-08  7.9687499999999991e-08 -337856.84375000000  666740.93750000000 -1016296.5625000000
 7.9687499999999991e-08  7.9687499999999991e-08  7.9687499999999991e-08 -305214.21875000000  603756.00000000000 -1064834.3750000000
 9.2187499999999991e-08  7.9687499999999991e-08  7.9687499999999991e-08 -268314.03125000000  548680.62500000000 -1103859.8750000000
 4.6874999999999998e-09  9.2187499999999991e-08  7.9687499999999991e-08 -232614.12500000000  784903.87500000000 -959878.12500000000
 1.7187500000000001e-08  9.2187499999999991e-08  7.9687499999999991e-08 -233741.85937500000  733994.43750000000 -999082.75000000000
 2.9687500000000000e-08  9.2187499999999991e-08  7.9687499999999991e-08 -240301.60937500000  664989.56250000000 -1044793.5000000000
 4.2187500000000000e-08  9.2187499999999991e-08  7.9687499999999991e-08 -245358.06250000000  594469.31250000000 -1085336.3750000000
 5.4687499999999999e-08  9.2187499999999991e-08  7.9687499999999991e-08 -242310.06250000000  526563.50000000000 -1120520.5000000000
 6.7187499999999992e-08  9.2187499999999991e-08  7.9687499999999991e-08 -229276.06250000000  459599.87500000000 -1152280.2500000000
 7.9687499999999991e-08  9.2187499999999991e-08  7.9687499999999991e-08 -208514.32812500000  394209.90625000000 -1180114.2500000000
 9.2187499999999991e-08  9.2187499999999991e-08  7.9687499999999991e-08 -185360.64062500000  343423.46875000000 -1199688.0000000000
 4.6874999999999998e-09  4.6874999999999998e-09  9.2187499999999991e-08 -227479.92187500000  444062.43750000000  1158710.8750000000
 1.7187500000000001e-08  4.6874999999999998e-09  9.2187499999999991e-08 -233056.81250000000  492935.84375000000  1137650.2500000000
 2.9687500000000000e-08  4.6874999999999998e-09  9.2187499999999991e-08 -237720.45312500000  567995.37500000000  1101099.2500000000
 4.2187500000000000e-08  4.6874999999999998e-09  9.2187499999999991e-08 -241204.92187500000  649023.56250000000  1054579.5000000000
 5.4687499999999999e-08  4.6874999999999998e-09  9.2187499999999991e-08 -239697.89062500000  729465.50000000000  1000986.7500000000
 6.7187499999999992e-08  4.6874999999999998e-09  9.2187499999999991e-08 -232500.87500000000  807267.00000000000  941176.25000000000
 7.9687499999999991e-08  4.6874999999999998e-09  9.2187499999999991e-08 -223127.12500000000  877101.68750000000  878894.93750000000
 9.2187499999999991e-08  4.6874999999999998e-09  9.2187499999999991e-08 -216515.15625000000  926581.25000000000  828322.31250000000
 4.6874999999999998e-09  1.7187500000000001e-08  9.2187499999999991e-08 -268528.34375000000  654834.18750000000  1044334.3125000000
 1.7187500000000001e-08  1.7187500000000001e-08  9.2187499999999991e-08 -274021.75000000000  710103.50000000000  1006088.6875000000
 2.9687500000000000e-08  1.7187500000000001e-08  9.2187499999999991e-08 -281529.53125000000  780071.37500000000  950673.00000000000
 4.2187500000000000e-08  1.7187500000000001e-08  9.2187499999999991e-08 -284971.68750000000  847808.93750000000  889696.93750000000
 5.4687499999999999e-08  1.7187500000000001e-08  9.2187499999999991e-08 -278402.21875000000  911333.00000000000  826748.93750000000
 6.7187499999999992e-08  1.7187500000000001e-08  9.2187499999999991e-08 -260258.20312500000  971700.56250000000  761323.31250000000
 7.9687499999999991e-08  1.7187500000000001e-08  9.2187499999999991e-08 -233139.01562500000  1025842.6250000000  696306.37500000000
 9.2187499999999991e-08  1.7187500000000001e-08  9.2187499999999991e-08 -203131.10937500000  1063142.6250000000  648085.62500000000
 4.6874999999999998e-09  2.9687500000000000e-08  9.2187499999999991e-08 -310935.09375000000  910821.00000000000  815643.25000000000
 1.7187500000000001e-08  2.9687500000000000e-08  9.2187499999999991e-08 -324433.59375000000  957042.06250000000  755223.68750000000
 2.9687500000000000e-08  2.9687500000000000e-08  9.2187499999999991e-08 -340282.00000000000  1006492.8750000000  680242.31250000000
 4.2187500000000000e-08  2.9687500000000000e-08  9.2187499999999991e-08 -347763.75000000000  1048726.3750000000  608919.37500000000
 5.4687499999999999e-08  2.9687500000000000e-08  9.2187499999999991e-08 -339679.71875000000  1087073.7500000000  542621.25000000000
 6.7187499999999992e-08  2.9687500000000000e-08  9.2187499999999991e-08 -314375.75000000000  1124918.0000000000  476735.43750000000
 7.9687499999999991e-08  2.9687500000000000e-08  9.2187499999999991e-08 -275751.56250000000  1160653.6250000000  410357.90625000000
 9.2187499999999991e-08  2.9687500000000000e-08  9.2187499999999991e-08 -236097.04687500000  1186542.5000000000  357665.40625000000
 4.6874999999999998e-09  4.2187500000000000e-08  9.2187499999999991e-08 -326457.90625000000  1116346.1250000000  488616.50000000000
 1.7187500000000001e-08  4.2187500000000000e-08  9.2187499999999991e-08 -349671.68750000000  1137510.1250000000  418748.03125000000
 2.9687500000000000e-08  4.2187500000000000e-08  9.2187499999999991e-08 -376498.53125000000  1155743.1250000000  337721.96875000000
 4.2187500000000000e-08  4.2187500000000000e-08  9.2187499999999991e-08 -392147.28125000000  1169166.5000000000  266119.65625000000
 5.4687499999999999e-08  4.2187500000000000e-08  9.2187499999999991e-08 -389295.00000000000  1182884.3750000000  201948.93750000000
 6.7187499999999992e-08  4.2187500000000000e-08  9.2187499999999991e-08 -366836.18750000000  1199300.7500000000  136595.93750000000
 7.9687499999999991e-08  4.2187500000000000e-08  9.2187499999999991e-08 -329782.90625000000  1215951.7500000000  65222.898437500000
 9.2187499999999991e-08  4.2187500000000000e-08  9.2187499999999991e-08 -292535.84375000000  1227180.6250000000 -229.79896545410156
 4.6874999999999998e-09  5.4687499999999999e-08  9.2187499999999991e-08 -299005.65625000000  1220913.3750000000  107311.21875000000
 1.7187500000000001e-08  5.4687499999999999e-08  9.2187499999999991e-08 -330718.96875000000  1216595.0000000000  45508.648437500000
 2.9687500000000000e-08  5.4687499999999999e-08  9.2187499999999991e-08 -367763.53125000000  1206426.8750000000 -28873.375000000000
 4.2187500000000000e-08  5.4687499999999999e-08  9.2187499999999991e-08 -392748.31250000000  1194991.7500000000 -96399.250000000000
 5.4687499999999999e-08  5.4687499999999999e-08  9.2187499999999991e-08 -398602.12500000000  1186240.6250000000 -159683.53125000000
 6.7187499999999992e-08  5.4687499999999999e-08  9.2187499999999991e-08 -384856.12500000000  1179620.0000000000 -227885.40625000000
 7.9687499999999991e-08  5.4687499999999999e-08  9.2187499999999991e-08 -357025.96875000000  1170582.8750000000 -306296.75000000000
 9.2187499999999991e-08  5.4687499999999999e-08  9.2187499999999991e-08 -328542.59375000000  1156377.6250000000 -382622.34375000000
 4.6874999999999998e-09  6.7187499999999992e-08  9.2187499999999991e-08 -242895.78125000000  1209234.7500000000 -265146.06250000000
 1.7187500000000001e-08  6.7187499999999992e-08  9.2187499999999991e-08 -278958.25000000000  1189994.1250000000 -312482.93750000000
 2.9687500000000000e-08  6.7187499999999992e-08  9.2187499999999991e-08 -320199.56250000000  1159962.6250000000 -378825.00000000000
 4.2187500000000000e-08  6.7187499999999992e-08  9.2187499999999991e-08 -349809.65625000000  1127469.7500000000 -444965.81250000000
 5.4687499999999999e-08  6.7187499999999992e-08  9.2187499999999991e-08 -361772.75000000000  1095572.5000000000 -510284.93750000000
 6.7187499999999992e-08  6.7187499999999992e-08  9.2187499999999991e-08 -356263.71875000000  1061851.7500000000 -580600.06250000000
 7.9687499999999991e-08  6.7187499999999992e-08  9.2187499999999991e-08 -339089.68750000000  1021598.3750000000 -657954.75000000000
 9.2187499999999991e-08  6.7187499999999992e-08  9.2187499999999991e-08 -321414.03125000000  977776.00000000000 -729518.06250000000
 4.6874999999999998e-09  7.9687499999999991e-08  9.2187499999999991e-08 -200624.28125000000  1103366.3750000000 -577825.25000000000
 1.7187500000000001e-08  7.9687499999999991e-08  9.2187499999999991e-08 -232168.62500000000  1075389.2500000000 -617401.93750000000
 2.9687500000000000e-08  7.9687499999999991e-08  9.2187499999999991e-08 -265071.09375000000  1028517.3125000000 -680763.43750000000
 4.2187500000000000e-08  7.9687499999999991e-08  9.2187499999999991e-08 -288869.50000000000  974582.37500000000 -747190.06250000000
 5.4687499999999999e-08  7.9687499999999991e-08  9.2187499999999991e-08 -299747.43750000000  917810.37500000000 -811988.31250000000
 6.7187499999999992e-08  7.9687499999999991e-08  9.2187499999999991e-08 -298198.93750000000  856961.93750000000 -876494.75000000000
 7.9687499999999991e-08  7.9687499999999991e-08  9.2187499999999991e-08 -289540.21875000000  791039.81250000000 -939133.56250000000
 9.2187499999999991e-08  7.9687499999999991e-08  9.2187499999999991e-08 -281715.34375000000  730043.25000000000 -989556.87500000000
 4.6874999999999998e-09  9.2187499999999991e-08  9.2187499999999991e-08 -207584.62500000000  961225.43750000000 -790255.50000000000
 1.7187500000000001e-08  9.2187499999999991e-08  9.2187499999999991e-08 -219833.29687500000  921960.12500000000 -832593.68750000000
 2.9687500000000000e-08  9.2187499999999991e-08  9.2187499999999991e-08 -233169.82812500000  858563.25000000000 -894455.37500000000
 4.2187500000000000e-08  9.2187499999999991e-08  9.2187499999999991e-08 -243916.29687500000  785105.87500000000 -956902.87500000000
 5.4687499999999999e-08  9.2187499999999991e-08  9.2187499999999991e-08 -248345.50000000000  708026.00000000000 -1014185.9375000000
 6.7187499999999992e-08  9.2187499999999991e-08  9.2187499999999991e-08 -246247.39062500000  629033.87500000000 -1065470.7500000000
 7.9687499999999991e-08  9.2187499999999991e-08  9.2187499999999991e-08 -241349.68750000000  551986.25000000000 -1108427.2500000000
 9.2187499999999991e-08  9.2187499999999991e-08  9.2187499999999991e-08 -236902.17187500000  492327.78125000000 -1137119.2500000000
